000001
000002
000003
000004
000005
000006
000007
000009
000010
000011
000012
000013
000014
000015
000016
000017
000018
000019
000021
000022
000023
000025
000026
000028
000029
000030
000031
000032
000034
000035
000036
000037
000038
000039
000040
000041
000042
000043
000045
000046
000047
000048
000050
000051
000052
000053
000056
000057
000058
000059
000060
000061
000062
000063
000065
000066
000068
000069
000070
000072
000073
000074
000075
000076
000077
000078
000080
000081
000083
000085
000086
000090
000091
000092
000093
000094
000095
000096
000097
000098
000099
000100
000101
000102
000103
000104
000105
000106
000107
000109
000111
000112
000113
000114
000115
000117
000118
000119
000120
000123
000124
000125
000127
000128
000129
000130
000132
000134
000135
000136
000138
000139
000140
000141
000143
000146
000147
000148
000149
000150
000152
000153
000154
000155
000156
000157
000158
000159
000160
000161
000162
000164
000166
000167
000168
000170
000171
000172
000173
000174
000175
000176
000177
000178
000179
000180
000181
000182
000183
000184
000185
000186
000187
000188
000189
000190
000193
000195
000197
000198
000199
000200
000201
000202
000204
000205
000207
000208
000210
000212
000215
000216
000217
000219
000220
000223
000224
000225
000228
000229
000231
000232
000233
000234
000235
000236
000237
000238
000239
000240
000241
000242
000243
000244
000245
000246
000247
000248
000249
000250
000251
000253
000255
000256
000257
000258
000259
000260
000261
000262
000263
000264
000265
000266
000267
000269
000270
000272
000273
000275
000276
000277
000278
000279
000280
000281
000285
000286
000289
000290
000291
000293
000294
000295
000296
000297
000298
000299
000300
000301
000302
000303
000305
000307
000309
000311
000313
000314
000315
000316
000318
000321
000322
000324
000325
000326
000327
000328
000329
000332
000335
000336
000337
000338
000341
000342
000343
000344
000346
000347
000348
000350
000351
000355
000356
000357
000358
000359
000360
000361
000363
000364
000365
000367
000368
000370
000371
000372
000374
000375
000376
000377
000378
000380
000381
000382
000384
000385
000386
000387
000388
000389
000390
000391
000392
000393
000394
000395
000396
000397
000398
000399
000400
000402
000403
000405
000406
000408
000410
000411
000413
000414
000416
000418
000419
000421
000424
000425
000426
000427
000428
000429
000430
000431
000432
000434
000435
000437
000438
000439
000440
000441
000442
000443
000444
000445
000447
000448
000449
000450
000451
000452
000453
000454
000455
000456
000458
000459
000460
000461
000462
000463
000466
000467
000468
000469
000470
000471
000472
000473
000474
000475
000477
000478
000479
000481
000482
000484
000486
000487
000488
000489
000490
000491
000492
000493
000494
000495
000496
000497
000499
000500
000501
000503
000506
000507
000508
000509
000510
000511
000512
000513
000515
000516
000517
000518
000519
000520
000521
000522
000523
000526
000528
000529
000530
000531
000532
000533
000534
000535
000536
000537
000538
000539
000540
000541
000543
000545
000546
000547
000548
000549
000550
000551
000552
000553
000554
000556
000557
000558
000559
000561
000562
000564
000565
000566
000567
000569
000570
000571
000572
000573
000574
000575
000576
000577
000578
000580
000582
000584
000585
000586
000587
000589
000591
000592
000593
000594
000595
000596
000597
000598
000599
000600
000601
000602
000604
000605
000606
000608
000609
000610
000611
000612
000613
000614
000615
000616
000617
000618
000620
000621
000622
000623
000624
000625
000626
000627
000628
000629
000631
000633
000634
000635
000636
000637
000638
000639
000640
000643
000644
000645
000647
000648
000650
000651
000652
000653
000655
000656
000657
000658
000659
000660
000665
000667
000668
000670
000671
000672
000673
000674
000675
000676
000677
000681
000683
000684
000686
000687
000689
000690
000692
000698
000700
000701
000702
000703
000704
000705
000706
000708
000709
000710
000711
000712
000713
000714
000715
000716
000717
000718
000719
000720
000721
000722
000723
000724
000725
000726
000728
000729
000730
000732
000733
000734
000736
000737
000738
000739
000740
000741
000742
000743
000744
000746
000749
000750
000751
000752
000754
000755
000756
000758
000759
000760
000763
000764
000765
000766
000767
000768
000769
000770
000772
000773
000775
000776
000777
000778
000779
000780
000782
000783
000784
000785
000786
000787
000788
000789
000790
000791
000792
000794
000795
000796
000797
000798
000799
000800
000801
000802
000803
000804
000805
000806
000808
000809
000810
000811
000812
000813
000814
000815
000816
000817
000818
000819
000820
000821
000823
000824
000825
000826
000828
000830
000831
000832
000833
000836
000837
000838
000839
000840
000841
000842
000843
000844
000845
000846
000847
000848
000849
000850
000851
000853
000854
000855
000856
000857
000858
000859
000860
000861
000863
000864
000865
000866
000868
000870
000871
000872
000873
000875
000876
000877
000878
000879
000880
000881
000882
000883
000884
000885
000887
000888
000890
000892
000893
000894
000895
000896
000898
000899
000900
000901
000902
000903
000904
000905
000906
000907
000908
000909
000911
000913
000914
000915
000916
000917
000918
000920
000921
000923
000924
000928
000930
000932
000933
000935
000937
000938
000940
000941
000942
000943
000944
000945
000947
000948
000949
000950
000951
000952
000953
000954
000955
000956
000958
000959
000960
000961
000963
000965
000966
000967
000968
000969
000970
000971
000972
000974
000975
000976
000977
000978
000980
000981
000982
000983
000984
000987
000989
000990
000991
000992
000993
000995
000996
000997
000998
000999
001000
001001
001002
001003
001004
001005
001006
001008
001009
001010
001012
001013
001014
001016
001017
001019
001020
001021
001022
001023
001024
001025
001026
001028
001029
001030
001032
001033
001034
001035
001038
001039
001040
001041
001042
001043
001044
001045
001046
001048
001049
001050
001051
001052
001053
001055
001056
001058
001059
001060
001061
001062
001063
001065
001066
001067
001068
001069
001070
001071
001072
001073
001074
001075
001076
001077
001078
001079
001080
001081
001082
001084
001085
001086
001087
001088
001090
001091
001092
001093
001094
001095
001096
001098
001099
001100
001101
001102
001103
001104
001105
001106
001107
001108
001109
001110
001111
001112
001113
001114